C01
1 1
2 2
3 3
4 4
5 5
6 6
7 7
8 8
9 9
10 10
11 11
12 12
13 13
14 14
15 15
16 16
17 17
18 18
19 19
20 20
21 21
22 22
23 23
24 24
** 1 0
25 1
26 2
27 3
28 4
29 5
30 6
31 7
32 8
33 9
34 10
35 11
36 12
37 13
38 14
39 15
40 16
41 17
42 18
43 19
44 20
45 21
46 22
47 23
48 24
** 2 0
49 1
50 2
51 3
52 4
53 5
54 6
55 7
56 8
57 9
58 10
59 11
60 12
61 13
62 14
63 15
64 16
65 17
66 18
67 19
68 20
69 21
70 22
71 23
72 24
** 3 0
73 1
74 2
75 3
76 4
77 5
78 6
79 7
80 8
81 9
82 10
83 11
84 12
85 13
86 14
87 15
88 16
89 17
90 18
91 19
92 20
93 21
94 22
95 23
96 24
** 4 0
97 1
98 2
99 3
100 4
101 5
102 6
103 7
104 8
105 9
106 10
107 11
108 12
109 13
110 14
111 15
112 16
113 17
114 18
115 19
116 20
117 21
118 22
119 23
120 24
** 5 0
121 1
122 2
123 3
124 4
125 5
126 6
127 7
128 8
129 9
130 10
131 11
132 12
133 13
134 14
135 15
136 16
137 17
138 18
139 19
140 20
141 21
142 22
143 23
144 24
** 6 0
145 1
146 2
147 3
148 4
149 5
150 6
151 7
152 8
153 9
154 10
155 11
156 12
157 13
158 14
159 15
160 16
161 17
162 18
163 19
164 20
165 21
166 22
167 23
168 24
** 7 0
169 1
170 2
171 3
172 4
173 5
174 6
175 7
176 8
177 9
178 10
179 11
180 12
181 13
182 14
183 15
184 16
185 17
186 18
187 19
188 20
189 21
190 22
191 23
192 24
** 8 0
193 1
194 2
195 3
196 4
197 5
198 6
199 7
200 8
201 9
202 10
203 11
204 12
205 13
206 14
207 15
208 16
209 17
210 18
211 19
212 20
213 21
214 22
215 23
216 24
** 9 0
217 1
218 2
219 3
220 4
221 5
222 6
223 7
224 8
225 9
226 10
227 11
228 12
229 13
230 14
231 15
232 16
233 17
234 18
235 19
236 20
237 21
238 22
239 23
240 24
** 10 0
241 1
242 2
243 3
244 4
245 5
246 6
247 7
248 8
249 9
250 10
251 11
252 12
253 13
254 14
255 15
256 16
257 17
258 18
259 19
260 20
261 21
262 22
263 23
264 24
** 11 0
265 1
266 2
267 3
268 4
269 5
270 6
271 7
272 8
273 9
274 10
275 11
276 12
277 13
278 14
279 15
280 16
281 17
282 18
283 19
284 20
285 21
286 22
287 23
288 24
** 12 0
289 1
290 2
291 3
292 4
293 5
294 6
295 7
296 8
297 9
298 10
299 11
300 12
301 13
302 14
303 15
304 16
305 17
306 18
307 19
308 20
309 21
310 22
311 23
312 24
** 13 0
313 1
314 2
315 3
316 4
317 5
318 6
319 7
320 8
321 9
322 10
323 11
324 12
325 13
326 14
327 15
328 16
329 17
330 18
331 19
332 20
333 21
334 22
335 23
336 24
** 14 0
337 1
338 2
339 3
340 4
341 5
342 6
343 7
344 8
345 9
346 10
347 11
348 12
349 13
350 14
351 15
352 16
353 17
354 18
355 19
356 20
357 21
358 22
359 23
360 24
** 15 0
361 1
362 2
363 3
364 4
365 5
366 6
367 7
368 8
369 9
370 10
371 11
372 12
373 13
374 14
375 15
376 16
377 17
378 18
379 19
380 20
381 21
382 22
383 23
384 24
** 16 0
385 1
386 2
387 3
388 4
389 5
390 6
391 7
392 8
393 9
394 10
395 11
396 12
397 13
398 14
399 15
400 16
401 17
402 18
403 19
404 20
405 21
406 22
407 23
408 24
** 17 0
409 1
410 2
411 3
412 4
413 5
414 6
415 7
416 8
417 9
418 10
419 11
420 12
421 13
422 14
423 15
424 16
425 17
426 18
427 19
428 20
429 21
430 22
431 23
432 24
** 18 0
433 1
434 2
435 3
436 4
437 5
438 6
439 7
440 8
441 9
442 10
443 11
444 12
445 13
446 14
447 15
448 16
449 17
450 18
451 19
452 20
453 21
454 22
455 23
456 24
** 19 0
457 1
458 2
459 3
460 4
461 5
462 6
463 7
464 8
465 9
466 10
467 11
468 12
469 13
470 14
471 15
472 16
473 17
474 18
475 19
476 20
477 21
478 22
479 23
480 24
** 20 0
481 1
482 2
483 3
484 4
485 5
486 6
487 7
488 8
489 9
490 10
491 11
492 12
493 13
494 14
495 15
496 16
497 17
498 18
499 19
500 20
501 21
502 22
503 23
504 24
** 21 0
505 1
506 2
507 3
508 4
509 5
510 6
511 7
512 8
513 9
514 10
515 11
516 12
517 13
518 14
519 15
520 16
521 17
522 18
523 19
524 20
525 21
526 22
527 23
528 24
** 22 0
529 1
530 2
531 3
532 4
533 5
534 6
535 7
536 8
537 9
538 10
539 11
540 12
541 13
542 14
543 15
544 16
545 17
546 18
547 19
548 20
549 21
550 22
551 23
552 24
** 23 0
553 1
554 2
555 3
556 4
557 5
558 6
559 7
560 8
561 9
562 10
563 11
564 12
565 13
566 14
567 15
568 16
569 17
570 18
571 19
572 20
573 21
574 22
575 23
576 24
** 24 0
577 1
578 2
579 3
580 4
581 5
582 6
583 7
584 8
585 9
586 10
587 11
588 12
589 13
590 14
591 15
592 16
593 17
594 18
595 19
596 20
597 21
598 22
599 23
600 24
** 25 0
601 1
602 2
603 3
604 4
605 5
606 6
607 7
608 8
609 9
610 10
611 11
612 12
613 13
614 14
615 15
616 16
617 17
618 18
619 19
620 20
621 21
622 22
623 23
624 24
** 26 0
625 1
626 2
627 3
628 4
629 5
630 6
631 7
632 8
633 9
634 10
635 11
636 12
637 13
638 14
639 15
640 16
641 17
642 18
643 19
644 20
645 21
646 22
647 23
648 24
** 27 0
649 1
650 2
651 3
652 4
653 5
654 6
655 7
656 8
657 9
658 10
659 11
660 12
661 13
662 14
663 15
664 16
665 17
666 18
667 19
668 20
669 21
670 22
671 23
672 24
** 28 0
673 1
674 2
675 3
676 4
677 5
678 6
679 7
680 8
681 9
682 10
683 11
684 12
685 13
686 14
687 15
688 16
689 17
690 18
691 19
692 20
693 21
694 22
695 23
696 24
** 29 0
697 1
698 2
699 3
700 4
701 5
702 6
703 7
704 8
705 9
706 10
707 11
708 12
709 13
710 14
711 15
712 16
713 17
714 18
715 19
716 20
717 21
718 22
719 23
720 24
** 30 0
721 1
722 2
723 3
724 4
725 5
726 6
727 7
728 8
729 9
730 10
731 11
732 12
733 13
734 14
735 15
736 16
737 17
738 18
739 19
740 20
741 21
742 22
743 23
744 24
** 31 0
745 1
746 2
747 3
748 4
749 5
750 6
751 7
752 8
753 9
754 10
755 11
756 12
757 13
758 14
759 15
760 16
761 17
762 18
763 19
764 20
765 21
766 22
767 23
768 24
** 32 0
769 1
770 2
771 3
772 4
773 5
774 6
775 7
776 8
777 9
778 10
779 11
780 12
781 13
782 14
783 15
784 16
785 17
786 18
787 19
788 20
789 21
790 22
791 23
792 24
** 33 0
793 1
794 2
795 3
796 4
797 5
798 6
799 7
800 8
801 9
802 10
803 11
804 12
805 13
806 14
807 15
808 16
809 17
810 18
811 19
812 20
813 21
814 22
815 23
816 24
** 34 0
817 1
818 2
819 3
820 4
821 5
822 6
823 7
824 8
825 9
826 10
827 11
828 12
829 13
830 14
831 15
832 16
833 17
834 18
835 19
836 20
837 21
838 22
839 23
840 24
** 35 0
841 1
842 2
843 3
844 4
845 5
846 6
847 7
848 8
849 9
850 10
851 11
852 12
853 13
854 14
855 15
856 16
857 17
858 18
859 19
860 20
861 21
862 22
863 23
864 24
** 36 0
865 1
866 2
867 3
868 4
869 5
870 6
871 7
872 8
873 9
874 10
875 11
876 12
877 13
878 14
879 15
880 16
881 17
882 18
883 19
884 20
885 21
886 22
887 23
888 24
** 37 0
889 1
890 2
891 3
892 4
893 5
894 6
895 7
896 8
897 9
898 10
899 11
900 12
901 13
902 14
903 15
904 16
905 17
906 18
907 19
908 20
909 21
910 22
911 23
912 24
** 38 0
913 1
914 2
915 3
916 4
917 5
918 6
919 7
920 8
921 9
922 10
923 11
924 12
925 13
926 14
927 15
928 16
929 17
930 18
931 19
932 20
933 21
934 22
935 23
936 24
** 39 0
937 1
938 2
939 3
940 4
941 5
942 6
943 7
944 8
945 9
946 10
947 11
948 12
949 13
950 14
951 15
952 16
953 17
954 18
955 19
956 20
957 21
958 22
959 23
960 24
** 40 0
961 1
962 2
963 3
964 4
965 5
966 6
967 7
968 8
969 9
970 10
971 11
972 12
973 13
974 14
975 15
976 16
977 17
978 18
979 19
980 20
981 21
982 22
983 23
984 24
** 41 0
985 1
986 2
987 3
988 4
989 5
990 6
991 7
992 8
993 9
994 10
995 11
996 12
997 13
998 14
999 15
1000 16
1001 17
1002 18
1003 19
1004 20
1005 21
1006 22
1007 23
1008 24
** 42 0
1009 1
1010 2
1011 3
1012 4
1013 5
1014 6
1015 7
1016 8
1017 9
1018 10
1019 11
1020 12
1021 13
1022 14
1023 15
1024 16
1025 17
1026 18
1027 19
1028 20
1029 21
1030 22
1031 23
1032 24
** 43 0
1033 1
1034 2
1035 3
1036 4
1037 5
1038 6
1039 7
1040 8
1041 9
1042 10
1043 11
1044 12
1045 13
1046 14
1047 15
1048 16
1049 17
1050 18
1051 19
1052 20
1053 21
1054 22
1055 23
1056 24
** 44 0
1057 1
1058 2
1059 3
1060 4
1061 5
1062 6
1063 7
1064 8
1065 9
1066 10
1067 11
1068 12
1069 13
1070 14
1071 15
1072 16
1073 17
1074 18
1075 19
1076 20
1077 21
1078 22
1079 23
1080 24
** 45 0
1081 1
1082 2
1083 3
1084 4
1085 5
1086 6
1087 7
1088 8
1089 9
1090 10
1091 11
1092 12
1093 13
1094 14
1095 15
1096 16
1097 17
1098 18
1099 19
1100 20
1101 21
1102 22
1103 23
1104 24
** 46 0
1105 1
1106 2
1107 3
1108 4
1109 5
1110 6
1111 7
1112 8
1113 9
1114 10
1115 11
1116 12
1117 13
1118 14
1119 15
1120 16
1121 17
1122 18
1123 19
1124 20
1125 21
1126 22
1127 23
1128 24
** 47 0
1129 1
1130 2
1131 3
1132 4
1133 5
1134 6
1135 7
1136 8
1137 9
1138 10
1139 11
1140 12
1141 13
1142 14
1143 15
1144 16
1145 17
1146 18
1147 19
1148 20
1149 21
1150 22
1151 23
1152 24
** 48 0
1153 1
1154 2
1155 3
1156 4
1157 5
1158 6
1159 7
1160 8
1161 9
1162 10
1163 11
1164 12
1165 13
1166 14
1167 15
1168 16
1169 17
1170 18
1171 19
1172 20
1173 21
1174 22
1175 23
1176 24
** 49 0
1177 1
1178 2
1179 3
1180 4
1181 5
1182 6
1183 7
1184 8
1185 9
1186 10
1187 11
1188 12
1189 13
1190 14
1191 15
1192 16
1193 17
1194 18
1195 19
1196 20
1197 21
1198 22
1199 23
1200 24
** 50 0
1201 1
1202 2
1203 3
1204 4
1205 5
1206 6
1207 7
1208 8
1209 9
1210 10
1211 11
1212 12
1213 13
1214 14
1215 15
1216 16
1217 17
1218 18
1219 19
1220 20
1221 21
1222 22
1223 23
1224 24
** 51 0
1225 1
1226 2
1227 3
1228 4
1229 5
1230 6
1231 7
1232 8
1233 9
1234 10
1235 11
1236 12
1237 13
1238 14
1239 15
1240 16
1241 17
1242 18
1243 19
1244 20
1245 21
1246 22
1247 23
1248 24
** 52 0
1249 1
1250 2
1251 3
1252 4
1253 5
1254 6
1255 7
1256 8
1257 9
1258 10
1259 11
1260 12
1261 13
1262 14
1263 15
1264 16
1265 17
1266 18
1267 19
1268 20
1269 21
1270 22
1271 23
1272 24
** 53 0
1273 1
1274 2
1275 3
1276 4
1277 5
1278 6
1279 7
1280 8
1281 9
1282 10
1283 11
1284 12
1285 13
1286 14
1287 15
1288 16
1289 17
1290 18
1291 19
1292 20
1293 21
1294 22
1295 23
1296 24
** 54 0
1297 1
1298 2
1299 3
1300 4
1301 5
1302 6
1303 7
1304 8
1305 9
1306 10
1307 11
1308 12
1309 13
1310 14
1311 15
1312 16
1313 17
1314 18
1315 19
1316 20
1317 21
1318 22
1319 23
1320 24
** 55 0
1321 1
1322 2
1323 3
1324 4
1325 5
1326 6
1327 7
1328 8
1329 9
1330 10
1331 11
1332 12
1333 13
1334 14
1335 15
1336 16
1337 17
1338 18
1339 19
1340 20
1341 21
1342 22
1343 23
1344 24
** 56 0
1345 1
1346 2
1347 3
1348 4
1349 5
1350 6
1351 7
1352 8
1353 9
1354 10
1355 11
1356 12
1357 13
1358 14
1359 15
1360 16
1361 17
1362 18
1363 19
1364 20
1365 21
1366 22
1367 23
1368 24
** 57 0
1369 1
1370 2
1371 3
1372 4
1373 5
1374 6
1375 7
1376 8
1377 9
1378 10
1379 11
1380 12
1381 13
1382 14
1383 15
1384 16
1385 17
1386 18
1387 19
1388 20
1389 21
1390 22
1391 23
1392 24
** 58 0
1393 1
1394 2
1395 3
1396 4
1397 5
1398 6
1399 7
1400 8
1401 9
1402 10
1403 11
1404 12
1405 13
1406 14
1407 15
1408 16
1409 17
1410 18
1411 19
1412 20
1413 21
1414 22
1415 23
1416 24
** 59 0
1417 1
1418 2
1419 3
1420 4
1421 5
1422 6
1423 7
1424 8
1425 9
1426 10
1427 11
1428 12
1429 13
1430 14
1431 15
1432 16
1433 17
1434 18
1435 19
1436 20
1437 21
1438 22
1439 23
1440 24
** 60 0
1441 1
1442 2
1443 3
1444 4
1445 5
1446 6
1447 7
1448 8
1449 9
1450 10
1451 11
1452 12
1453 13
1454 14
1455 15
1456 16
1457 17
1458 18
1459 19
1460 20
1461 21
1462 22
1463 23
1464 24
** 61 0
1465 1
1466 2
1467 3
1468 4
1469 5
1470 6
1471 7
1472 8
1473 9
1474 10
1475 11
1476 12
1477 13
1478 14
1479 15
1480 16
1481 17
1482 18
1483 19
1484 20
1485 21
1486 22
1487 23
1488 24
** 62 0
1489 1
1490 2
1491 3
1492 4
1493 5
1494 6
1495 7
1496 8
1497 9
1498 10
1499 11
1500 12
1501 13
1502 14
1503 15
1504 16
1505 17
1506 18
1507 19
1508 20
1509 21
1510 22
1511 23
1512 24
** 63 0
1513 1
1514 2
1515 3
1516 4
1517 5
1518 6
1519 7
1520 8
1521 9
1522 10
1523 11
1524 12
1525 13
1526 14
1527 15
1528 16
1529 17
1530 18
1531 19
1532 20
1533 21
1534 22
1535 23
1536 24
** 64 0
1537 1
1538 2
1539 3
1540 4
1541 5
1542 6
1543 7
1544 8
1545 9
1546 10
1547 11
1548 12
1549 13
1550 14
1551 15
1552 16
1553 17
1554 18
1555 19
1556 20
1557 21
1558 22
1559 23
1560 24
** 65 0
1561 1
1562 2
1563 3
1564 4
1565 5
1566 6
1567 7
1568 8
1569 9
1570 10
1571 11
1572 12
1573 13
1574 14
1575 15
1576 16
1577 17
1578 18
1579 19
1580 20
1581 21
1582 22
1583 23
1584 24
** 66 0
1585 1
1586 2
1587 3
1588 4
1589 5
1590 6
1591 7
1592 8
1593 9
1594 10
1595 11
1596 12
1597 13
1598 14
1599 15
1600 16
1601 17
1602 18
1603 19
1604 20
1605 21
1606 22
1607 23
1608 24
** 67 0
1609 1
1610 2
1611 3
1612 4
1613 5
1614 6
1615 7
1616 8
1617 9
1618 10
1619 11
1620 12
1621 13
1622 14
1623 15
1624 16
1625 17
1626 18
1627 19
1628 20
1629 21
1630 22
1631 23
1632 24
** 68 0
1633 1
1634 2
1635 3
1636 4
1637 5
1638 6
1639 7
1640 8
1641 9
1642 10
1643 11
1644 12
1645 13
1646 14
1647 15
1648 16
1649 17
1650 18
1651 19
1652 20
1653 21
1654 22
1655 23
1656 24
** 69 0
1657 1
1658 2
1659 3
1660 4
1661 5
1662 6
1663 7
1664 8
1665 9
1666 10
1667 11
1668 12
1669 13
1670 14
1671 15
1672 16
1673 17
1674 18
1675 19
1676 20
1677 21
1678 22
1679 23
1680 24
** 70 0
1681 1
1682 2
1683 3
1684 4
1685 5
1686 6
1687 7
1688 8
1689 9
1690 10
1691 11
1692 12
1693 13
1694 14
1695 15
1696 16
1697 17
1698 18
1699 19
1700 20
1701 21
1702 22
1703 23
1704 24
** 71 0
1705 1
1706 2
1707 3
1708 4
1709 5
1710 6
1711 7
1712 8
1713 9
1714 10
1715 11
1716 12
1717 13
1718 14
1719 15
1720 16
1721 17
1722 18
1723 19
1724 20
1725 21
1726 22
1727 23
1728 24
** 72 0
1729 1
1730 2
1731 3
1732 4
1733 5
1734 6
1735 7
1736 8
1737 9
1738 10
1739 11
1740 12
1741 13
1742 14
1743 15
1744 16
1745 17
1746 18
1747 19
1748 20
1749 21
1750 22
1751 23
1752 24
** 73 0
1753 1
1754 2
1755 3
1756 4
1757 5
1758 6
1759 7
1760 8
1761 9
1762 10
1763 11
1764 12
1765 13
1766 14
1767 15
1768 16
1769 17
1770 18
1771 19
1772 20
1773 21
1774 22
1775 23
1776 24
** 74 0
1777 1
1778 2
1779 3
1780 4
1781 5
1782 6
1783 7
1784 8
1785 9
1786 10
1787 11
1788 12
1789 13
1790 14
1791 15
1792 16
1793 17
1794 18
1795 19
1796 20
1797 21
1798 22
1799 23
1800 24
** 75 0
1801 1
1802 2
1803 3
1804 4
1805 5
1806 6
1807 7
1808 8
1809 9
1810 10
1811 11
1812 12
1813 13
1814 14
1815 15
1816 16
1817 17
1818 18
1819 19
1820 20
1821 21
1822 22
1823 23
1824 24
** 76 0
1825 1
1826 2
1827 3
1828 4
1829 5
1830 6
1831 7
1832 8
1833 9
1834 10
1835 11
1836 12
1837 13
1838 14
1839 15
1840 16
1841 17
1842 18
1843 19
1844 20
1845 21
1846 22
1847 23
1848 24
** 77 0
1849 1
1850 2
1851 3
1852 4
1853 5
1854 6
1855 7
1856 8
1857 9
1858 10
1859 11
1860 12
1861 13
1862 14
1863 15
1864 16
1865 17
1866 18
1867 19
1868 20
1869 21
1870 22
1871 23
1872 24
** 78 0
1873 1
1874 2
1875 3
1876 4
1877 5
1878 6
1879 7
1880 8
1881 9
1882 10
1883 11
1884 12
1885 13
1886 14
1887 15
1888 16
1889 17
1890 18
1891 19
1892 20
1893 21
1894 22
1895 23
1896 24
** 79 0
1897 1
1898 2
1899 3
1900 4
1901 5
1902 6
1903 7
1904 8
1905 9
1906 10
1907 11
1908 12
1909 13
1910 14
1911 15
1912 16
1913 17
1914 18
1915 19
1916 20
1917 21
1918 22
1919 23
1920 24
** 80 0
1921 1
1922 2
1923 3
1924 4
1925 5
1926 6
1927 7
1928 8
1929 9
1930 10
1931 11
1932 12
1933 13
1934 14
1935 15
1936 16
1937 17
1938 18
1939 19
1940 20
1941 21
1942 22
1943 23
1944 24
** 81 0
1945 1
1946 2
1947 3
1948 4
1949 5
1950 6
1951 7
1952 8
1953 9
1954 10
1955 11
1956 12
1957 13
1958 14
1959 15
1960 16
1961 17
1962 18
1963 19
1964 20
1965 21
1966 22
1967 23
1968 24
** 82 0
1969 1
1970 2
1971 3
1972 4
1973 5
1974 6
1975 7
1976 8
1977 9
1978 10
1979 11
1980 12
1981 13
1982 14
1983 15
1984 16
1985 17
1986 18
1987 19
1988 20
1989 21
1990 22
1991 23
1992 24
** 83 0
1993 1
1994 2
1995 3
1996 4
1997 5
1998 6
1999 7
2000 8
2001 9
2002 10
2003 11
2004 12
2005 13
2006 14
2007 15
2008 16
2009 17
2010 18
2011 19
2012 20
2013 21
2014 22
2015 23
2016 24
** 84 0
2017 1
2018 2
2019 3
2020 4
2021 5
2022 6
2023 7
2024 8
2025 9
2026 10
2027 11
2028 12
2029 13
2030 14
2031 15
2032 16
2033 17
2034 18
2035 19
2036 20
2037 21
2038 22
2039 23
2040 24
** 85 0
2041 1
2042 2
2043 3
2044 4
2045 5
2046 6
2047 7
2048 8
2049 9
2050 10
2051 11
2052 12
2053 13
2054 14
2055 15
2056 16
2057 17
2058 18
2059 19
2060 20
2061 21
2062 22
2063 23
2064 24
** 86 0
2065 1
2066 2
2067 3
2068 4
2069 5
2070 6
2071 7
2072 8
2073 9
2074 10
2075 11
2076 12
2077 13
2078 14
2079 15
2080 16
2081 17
2082 18
2083 19
2084 20
2085 21
2086 22
2087 23
2088 24
** 87 0
2089 1
2090 2
2091 3
2092 4
2093 5
2094 6
2095 7
2096 8
2097 9
2098 10
2099 11
2100 12
2101 13
2102 14
2103 15
2104 16
2105 17
2106 18
2107 19
2108 20
2109 21
2110 22
2111 23
2112 24
** 88 0
2113 1
2114 2
2115 3
2116 4
2117 5
2118 6
2119 7
2120 8
2121 9
2122 10
2123 11
2124 12
2125 13
2126 14
2127 15
2128 16
2129 17
2130 18
2131 19
2132 20
2133 21
2134 22
2135 23
2136 24
** 89 0
2137 1
2138 2
2139 3
2140 4
2141 5
2142 6
2143 7
2144 8
2145 9
2146 10
2147 11
2148 12
2149 13
2150 14
2151 15
2152 16
2153 17
2154 18
2155 19
2156 20
2157 21
2158 22
2159 23
2160 24
** 90 0
2161 1
2162 2
2163 3
2164 4
2165 5
2166 6
2167 7
2168 8
2169 9
2170 10
2171 11
2172 12
2173 13
2174 14
2175 15
2176 16
2177 17
2178 18
2179 19
2180 20
2181 21
2182 22
2183 23
2184 24
** 91 0
2185 1
2186 2
2187 3
2188 4
2189 5
2190 6
2191 7
2192 8
2193 9
2194 10
2195 11
2196 12
2197 13
2198 14
2199 15
2200 16
2201 17
2202 18
2203 19
2204 20
2205 21
2206 22
2207 23
2208 24
** 92 0
2209 1
2210 2
2211 3
2212 4
2213 5
2214 6
2215 7
2216 8
2217 9
2218 10
2219 11
2220 12
2221 13
2222 14
2223 15
2224 16
2225 17
2226 18
2227 19
2228 20
2229 21
2230 22
2231 23
2232 24
** 93 0
2233 1
2234 2
2235 3
2236 4
2237 5
2238 6
2239 7
2240 8
2241 9
2242 10
2243 11
2244 12
2245 13
2246 14
2247 15
2248 16
2249 17
2250 18
2251 19
2252 20
2253 21
2254 22
2255 23
2256 24
** 94 0
2257 1
2258 2
2259 3
2260 4
2261 5
2262 6
2263 7
2264 8
2265 9
2266 10
2267 11
2268 12
2269 13
2270 14
2271 15
2272 16
2273 17
2274 18
2275 19
2276 20
2277 21
2278 22
2279 23
2280 24
** 95 0
2281 1
2282 2
2283 3
2284 4
2285 5
2286 6
2287 7
2288 8
2289 9
2290 10
2291 11
2292 12
2293 13
2294 14
2295 15
2296 16
2297 17
2298 18
2299 19
2300 20
2301 21
2302 22
2303 23
2304 24
** 96 0
2305 1
2306 2
2307 3
2308 4
2309 5
2310 6
2311 7
2312 8
2313 9
2314 10
2315 11
2316 12
2317 13
2318 14
2319 15
2320 16
2321 17
2322 18
2323 19
2324 20
2325 21
2326 22
2327 23
2328 24
** 97 0
2329 1
2330 2
2331 3
2332 4
2333 5
2334 6
2335 7
2336 8
2337 9
2338 10
2339 11
2340 12
2341 13
2342 14
2343 15
2344 16
2345 17
2346 18
2347 19
2348 20
2349 21
2350 22
2351 23
2352 24
** 98 0
2353 1
2354 2
2355 3
2356 4
2357 5
2358 6
2359 7
2360 8
2361 9
2362 10
2363 11
2364 12
2365 13
2366 14
2367 15
2368 16
2369 17
2370 18
2371 19
2372 20
2373 21
2374 22
2375 23
2376 24
** 99 0
2377 1
2378 2
2379 3
2380 4
2381 5
2382 6
2383 7
2384 8
2385 9
2386 10
2387 11
2388 12
2389 13
2390 14
2391 15
2392 16
2393 17
2394 18
2395 19
2396 20
2397 21
2398 22
2399 23
2400 24
** 100 0
2401 1
2402 2
2403 3
2404 4
2405 5
2406 6
2407 7
2408 8
2409 9
2410 10
2411 11
2412 12
2413 13
2414 14
2415 15
2416 16
2417 17
2418 18
2419 19
2420 20
2421 21
2422 22
2423 23
2424 24
** 101 0
2425 1
2426 2
2427 3
2428 4
2429 5
2430 6
2431 7
2432 8
2433 9
2434 10
2435 11
2436 12
2437 13
2438 14
2439 15
2440 16
2441 17
2442 18
2443 19
2444 20
2445 21
2446 22
2447 23
2448 24
** 102 0
2449 1
2450 2
2451 3
2452 4
2453 5
2454 6
2455 7
2456 8
2457 9
2458 10
2459 11
2460 12
2461 13
2462 14
2463 15
2464 16
2465 17
2466 18
2467 19
2468 20
2469 21
2470 22
2471 23
2472 24
** 103 0
2473 1
2474 2
2475 3
2476 4
2477 5
2478 6
2479 7
2480 8
2481 9
2482 10
2483 11
2484 12
2485 13
2486 14
2487 15
2488 16
2489 17
2490 18
2491 19
2492 20
2493 21
2494 22
2495 23
2496 24
** 104 0
2497 1
2498 2
2499 3
2500 4
2501 5
2502 6
2503 7
2504 8
2505 9
2506 10
2507 11
2508 12
2509 13
2510 14
2511 15
2512 16
2513 17
2514 18
2515 19
2516 20
2517 21
2518 22
2519 23
2520 24
** 105 0
2521 1
2522 2
2523 3
2524 4
2525 5
2526 6
2527 7
2528 8
2529 9
2530 10
2531 11
2532 12
2533 13
2534 14
2535 15
2536 16
2537 17
2538 18
2539 19
2540 20
2541 21
2542 22
2543 23
2544 24
** 106 0
2545 1
2546 2
2547 3
2548 4
2549 5
2550 6
2551 7
2552 8
2553 9
2554 10
2555 11
2556 12
2557 13
2558 14
2559 15
2560 16
2561 17
2562 18
2563 19
2564 20
2565 21
2566 22
2567 23
2568 24
** 107 0
2569 1
2570 2
2571 3
2572 4
2573 5
2574 6
2575 7
2576 8
2577 9
2578 10
2579 11
2580 12
2581 13
2582 14
2583 15
2584 16
2585 17
2586 18
2587 19
2588 20
2589 21
2590 22
2591 23
2592 24
** 108 0
2593 1
2594 2
2595 3
2596 4
2597 5
2598 6
2599 7
2600 8
2601 9
2602 10
2603 11
2604 12
2605 13
2606 14
2607 15
2608 16
2609 17
2610 18
2611 19
2612 20
2613 21
2614 22
2615 23
2616 24
** 109 0
2617 1
2618 2
2619 3
2620 4
2621 5
2622 6
2623 7
2624 8
2625 9
2626 10
2627 11
2628 12
2629 13
2630 14
2631 15
2632 16
2633 17
2634 18
2635 19
2636 20
2637 21
2638 22
2639 23
2640 24
** 110 0
2641 1
2642 2
2643 3
2644 4
2645 5
2646 6
2647 7
2648 8
2649 9
2650 10
2651 11
2652 12
2653 13
2654 14
2655 15
2656 16
2657 17
2658 18
2659 19
2660 20
2661 21
2662 22
2663 23
2664 24
** 111 0
2665 1
2666 2
2667 3
2668 4
2669 5
2670 6
2671 7
2672 8
2673 9
2674 10
2675 11
2676 12
2677 13
2678 14
2679 15
2680 16
2681 17
2682 18
2683 19
2684 20
2685 21
2686 22
2687 23
2688 24
** 112 0
2689 1
2690 2
2691 3
2692 4
2693 5
2694 6
2695 7
2696 8
2697 9
2698 10
2699 11
2700 12
2701 13
2702 14
2703 15
2704 16
2705 17
2706 18
2707 19
2708 20
2709 21
2710 22
2711 23
2712 24
** 113 0
2713 1
2714 2
2715 3
2716 4
2717 5
2718 6
2719 7
2720 8
2721 9
2722 10
2723 11
2724 12
2725 13
2726 14
2727 15
2728 16
2729 17
2730 18
2731 19
2732 20
2733 21
2734 22
2735 23
2736 24
** 114 0
2737 1
2738 2
2739 3
2740 4
2741 5
2742 6
2743 7
2744 8
2745 9
2746 10
2747 11
2748 12
2749 13
2750 14
2751 15
2752 16
2753 17
2754 18
2755 19
2756 20
2757 21
2758 22
2759 23
2760 24
** 115 0
2761 1
2762 2
2763 3
2764 4
2765 5
2766 6
2767 7
2768 8
2769 9
2770 10
2771 11
2772 12
2773 13
2774 14
2775 15
2776 16
2777 17
2778 18
2779 19
2780 20
2781 21
2782 22
2783 23
2784 24
** 116 0
2785 1
2786 2
2787 3
2788 4
2789 5
2790 6
2791 7
2792 8
2793 9
2794 10
2795 11
2796 12
2797 13
2798 14
2799 15
2800 16
2801 17
2802 18
2803 19
2804 20
2805 21
2806 22
2807 23
2808 24
** 117 0
2809 1
2810 2
2811 3
2812 4
2813 5
2814 6
2815 7
2816 8
2817 9
2818 10
2819 11
2820 12
2821 13
2822 14
2823 15
2824 16
2825 17
2826 18
2827 19
2828 20
2829 21
2830 22
2831 23
2832 24
** 118 0
2833 1
2834 2
2835 3
2836 4
2837 5
2838 6
2839 7
2840 8
2841 9
2842 10
2843 11
2844 12
2845 13
2846 14
2847 15
2848 16
2849 17
2850 18
2851 19
2852 20
2853 21
2854 22
2855 23
2856 24
** 119 0
2857 1
2858 2
2859 3
2860 4
2861 5
2862 6
2863 7
2864 8
2865 9
2866 10
2867 11
2868 12
2869 13
2870 14
2871 15
2872 16
2873 17
2874 18
2875 19
2876 20
2877 21
2878 22
2879 23
2880 24
** 120 0
2881 1
2882 2
2883 3
2884 4
2885 5
2886 6
2887 7
2888 8
2889 9
2890 10
2891 11
2892 12
2893 13
2894 14
2895 15
2896 16
2897 17
2898 18
2899 19
2900 20
2901 21
2902 22
2903 23
2904 24
** 121 0
2905 1
2906 2
2907 3
2908 4
2909 5
2910 6
2911 7
2912 8
2913 9
2914 10
2915 11
2916 12
2917 13
2918 14
2919 15
2920 16
2921 17
2922 18
2923 19
2924 20
2925 21
2926 22
2927 23
2928 24
** 122 0
2929 1
2930 2
2931 3
2932 4
2933 5
2934 6
2935 7
2936 8
2937 9
2938 10
2939 11
2940 12
2941 13
2942 14
2943 15
2944 16
2945 17
2946 18
2947 19
2948 20
2949 21
2950 22
2951 23
2952 24
** 123 0
2953 1
2954 2
2955 3
2956 4
2957 5
2958 6
2959 7
2960 8
2961 9
2962 10
2963 11
2964 12
2965 13
2966 14
2967 15
2968 16
2969 17
2970 18
2971 19
2972 20
2973 21
2974 22
2975 23
2976 24
** 124 0
2977 1
2978 2
2979 3
2980 4
2981 5
2982 6
2983 7
2984 8
2985 9
2986 10
2987 11
2988 12
2989 13
2990 14
2991 15
2992 16
2993 17
2994 18
2995 19
2996 20
2997 21
2998 22
2999 23
3000 24
** 125 0
3001 1
3002 2
3003 3
3004 4
3005 5
3006 6
3007 7
3008 8
3009 9
3010 10
3011 11
3012 12
3013 13
3014 14
3015 15
3016 16
3017 17
3018 18
3019 19
3020 20
3021 21
3022 22
3023 23
3024 24
** 126 0
